Age,Gender,Air Pollution,Alcohol Usage,Genetic Risk,Lung Disease,Obesity,Smoking,Passive Smoker,Chest Pain,Coughing of Blood,Severity
33,1,2,4,3,2,4,3,2,2,4,0
17,1,3,1,4,2,2,2,4,2,3,1
35,1,4,5,5,4,7,2,3,4,8,2
37,1,7,7,6,7,7,7,7,7,8,2
46,1,6,8,7,6,7,8,7,7,9,2
35,1,4,5,5,4,7,2,3,4,8,2
52,2,2,4,3,2,4,3,2,2,4,0
28,2,3,1,2,3,3,1,4,3,1,0
35,2,4,5,6,5,5,6,6,6,5,1
46,1,2,3,4,3,3,2,3,4,4,1
44,1,6,7,7,6,7,7,8,7,7,2
64,2,6,8,7,6,7,7,8,7,7,2
39,2,4,5,5,4,6,6,6,6,6,1
34,1,6,7,6,7,7,7,7,7,8,2
27,2,3,1,3,2,3,2,2,4,2,0
73,1,5,6,6,5,5,8,5,5,5,1
17,1,3,1,4,2,2,2,4,2,3,1
34,1,6,7,6,7,7,7,7,7,8,2
36,1,6,7,7,7,7,7,7,7,7,2
14,1,2,4,5,5,6,5,4,6,5,1
24,1,6,8,6,7,3,8,7,9,6,2
53,2,4,5,5,4,7,2,3,4,8,2
62,1,6,8,7,6,7,8,7,7,9,2
29,2,6,7,7,6,7,7,7,7,7,2
36,1,6,7,7,7,7,7,7,7,7,2
65,1,6,8,7,6,4,1,2,4,3,1
38,2,2,1,2,3,4,1,4,2,4,1
19,1,3,2,3,2,3,2,2,3,3,1
33,1,6,7,7,6,7,4,8,7,7,2
28,2,1,6,3,2,2,3,3,2,2,1
35,2,2,6,6,6,4,6,8,7,6,2
42,1,2,4,5,5,6,7,7,2,3,2
32,2,1,6,7,6,7,3,4,8,7,1
33,1,2,4,3,2,4,3,2,2,4,0
25,2,3,1,2,3,3,1,4,3,1,0
14,1,2,4,5,5,6,5,4,6,5,1
27,2,3,1,3,2,3,2,2,4,2,0
28,1,6,7,6,7,2,4,3,7,8,0
32,1,2,3,7,7,2,4,3,7,4,0
45,2,1,2,6,5,4,6,4,7,2,0
27,2,3,1,2,3,3,1,4,3,1,0
26,2,2,3,3,2,4,3,1,4,3,0
48,1,4,2,1,2,2,1,5,1,4,0
17,2,1,2,4,3,1,3,2,1,2,0
22,1,2,1,3,5,2,6,1,1,2,0
42,1,2,1,4,3,1,1,1,6,2,0
24,1,6,8,6,7,3,8,7,9,6,2
35,1,1,3,2,6,2,2,1,3,4,0
24,2,1,2,2,4,3,2,1,1,1,0
38,2,3,2,3,2,2,3,2,1,1,0
18,2,3,2,2,1,2,1,2,2,2,0
23,2,4,2,2,3,4,2,4,2,4,0
24,2,3,2,1,1,1,4,2,3,6,0
35,2,2,1,2,1,3,2,4,2,1,0
38,2,5,2,2,3,2,2,5,1,3,0
47,2,2,3,2,5,1,2,1,2,5,0
52,2,3,2,3,5,2,7,2,1,1,0
53,2,4,5,5,4,7,2,3,4,8,2
44,2,2,3,3,2,2,7,6,2,2,0
38,2,2,3,1,1,1,4,3,2,4,0
62,2,3,2,2,4,1,6,2,3,2,0
61,2,2,3,1,1,4,3,2,1,5,0
55,1,3,1,2,3,1,3,2,4,3,0
45,2,1,2,2,4,3,3,2,3,4,1
38,1,6,8,7,6,4,1,2,4,3,1
44,1,2,1,2,3,4,1,4,2,4,1
45,2,3,2,3,2,3,2,2,3,3,1
33,2,1,6,7,6,7,3,4,8,7,1
62,1,6,8,7,6,7,8,7,7,9,2
32,2,1,6,3,2,2,3,3,2,2,1
44,1,1,2,2,4,3,3,2,3,4,1
62,1,6,8,7,6,4,1,2,4,3,1
38,2,2,1,2,3,4,1,4,2,4,1
33,1,3,2,3,2,3,2,2,3,3,1
22,1,6,8,7,6,4,1,2,4,3,1
35,1,2,1,2,3,4,1,4,2,4,1
23,1,3,2,3,2,3,2,2,3,3,1
48,1,1,6,7,6,7,3,4,8,7,1
46,2,1,6,3,2,2,3,3,2,2,1
29,2,6,7,7,6,7,7,7,7,7,2
52,2,1,2,2,4,3,3,2,3,4,1
52,1,6,8,7,6,4,1,2,4,3,1
48,2,6,8,7,6,4,1,2,4,3,1
36,2,2,1,2,3,4,1,4,2,4,1
31,2,3,2,3,2,3,2,2,3,3,1
38,2,1,2,2,4,3,3,2,3,4,1
35,1,6,8,7,6,4,1,2,4,3,1
44,1,6,7,7,6,7,7,8,7,7,2
33,1,6,8,7,6,7,7,8,7,7,2
45,1,6,7,7,6,7,4,8,7,7,2
65,1,6,8,7,6,4,1,2,4,3,1
53,1,6,8,6,7,3,8,7,9,6,2
35,2,4,5,5,4,7,2,3,4,8,2
46,2,6,8,7,6,7,8,7,7,9,2
27,1,6,7,7,6,7,7,7,7,7,2
26,1,6,7,6,7,7,7,7,7,8,2
37,1,6,7,7,7,7,7,7,7,7,2
28,1,6,7,7,6,7,7,8,7,7,2
19,1,6,8,7,6,7,7,8,7,7,2
29,2,4,5,5,4,7,2,3,4,8,2
39,2,6,8,7,6,7,8,7,7,9,2
38,2,2,1,2,3,4,1,4,2,4,1
49,1,6,5,5,4,7,2,3,4,8,2
37,1,8,8,7,6,7,8,7,7,9,2
26,2,7,7,7,6,7,7,7,7,7,2
37,2,7,7,6,7,7,7,7,7,8,2
33,1,6,7,7,7,7,7,7,7,7,2
44,1,6,7,7,6,7,7,8,7,7,2
37,2,6,8,7,6,7,7,8,7,7,2
25,2,4,5,5,4,7,2,3,4,8,2
18,2,6,8,7,6,7,8,7,7,9,2
47,1,6,5,5,4,7,2,3,4,8,2
25,2,3,1,2,3,3,1,4,3,1,0
19,1,3,2,3,2,3,2,2,3,3,1
26,2,8,8,7,6,7,8,7,7,9,2
37,1,7,7,6,7,7,7,7,7,8,2
35,2,4,5,5,4,7,2,3,4,8,2
33,1,2,4,3,2,4,3,2,2,4,0
25,2,3,1,2,3,3,1,4,3,1,0
35,2,4,5,6,5,5,6,6,6,5,1
27,2,2,3,4,3,3,2,3,4,4,1
48,1,6,7,7,6,7,7,8,7,7,2
64,1,6,8,7,6,7,7,8,7,7,2
39,1,4,5,5,4,6,6,6,6,6,1
33,1,6,7,7,6,7,4,8,7,7,2
27,2,3,1,3,2,3,2,2,4,2,0
73,1,5,6,6,5,5,8,5,5,5,1
17,1,3,1,4,2,2,2,4,2,3,1
34,1,6,7,6,7,7,7,7,7,8,2
36,1,6,7,7,7,7,7,7,7,7,2
14,1,2,4,5,5,6,5,4,6,5,1
24,1,6,8,6,7,3,8,7,9,6,2
53,2,4,5,5,4,7,2,3,4,8,2
62,1,6,8,7,6,7,8,7,7,9,2
29,2,6,7,7,6,7,7,7,7,7,2
28,2,1,6,3,2,2,3,3,2,2,1
65,1,6,8,7,6,4,1,2,4,3,1
38,2,2,1,2,3,4,1,4,2,4,1
19,1,3,2,3,2,3,2,2,3,3,1
33,1,6,7,7,6,7,4,8,7,7,2
28,2,1,6,3,2,2,3,3,2,2,1
35,2,2,6,6,6,4,6,8,7,6,2
42,1,2,4,5,5,6,7,7,2,3,2
32,2,1,6,7,6,7,3,4,8,7,1
33,1,2,4,3,2,4,3,2,2,4,0
25,2,3,1,2,3,3,1,4,3,1,0
35,2,2,6,6,6,4,6,8,7,6,2
27,2,3,1,3,2,3,2,2,4,2,0
28,1,6,7,6,7,2,4,3,7,8,0
32,1,2,3,7,7,2,4,3,7,4,0
45,2,1,2,6,5,4,6,4,7,2,0
27,1,3,1,2,3,3,1,4,3,1,0
26,1,2,3,3,2,4,3,1,4,3,0
48,1,4,2,1,2,2,1,5,1,4,0
17,2,1,2,4,3,1,3,2,1,2,0
22,2,2,1,3,5,2,6,1,1,2,0
42,1,2,1,4,3,1,1,1,6,2,0
42,1,2,4,5,5,6,7,7,2,3,2
35,1,1,3,2,6,2,2,1,3,4,0
24,2,1,2,2,4,3,2,1,1,1,0
38,2,3,2,3,2,2,3,2,1,1,0
18,2,3,2,2,1,2,1,2,2,2,0
23,2,4,2,2,3,4,2,4,2,4,0
24,2,3,2,1,1,1,4,2,3,6,0
35,2,2,1,2,1,3,2,4,2,1,0
38,2,5,2,2,3,2,2,5,1,3,0
47,2,2,3,2,5,1,2,1,2,5,0
52,1,3,2,3,5,2,7,2,1,1,0
32,2,1,6,7,6,7,3,4,8,7,1
44,1,2,3,3,2,2,7,6,2,2,0
38,1,2,3,1,1,1,4,3,2,4,0
62,1,3,2,2,4,1,6,2,3,2,0
61,1,2,3,1,1,4,3,2,1,5,0
55,1,3,1,2,3,1,3,2,4,3,0
45,2,1,2,2,4,3,3,2,3,4,1
38,2,6,8,7,6,4,1,2,4,3,1
44,1,2,1,2,3,4,1,4,2,4,1
45,1,3,2,3,2,3,2,2,3,3,1
33,1,1,6,7,6,7,3,4,8,7,1
33,1,2,4,3,2,4,3,2,2,4,0
32,1,1,6,3,2,2,3,3,2,2,1
44,1,1,2,2,4,3,3,2,3,4,1
62,1,6,8,7,6,4,1,2,4,3,1
38,2,2,1,2,3,4,1,4,2,4,1
33,1,3,2,3,2,3,2,2,3,3,1
22,1,6,8,7,6,4,1,2,4,3,1
35,1,2,1,2,3,4,1,4,2,4,1
23,1,3,2,3,2,3,2,2,3,3,1
48,2,1,6,7,6,7,3,4,8,7,1
46,2,1,6,3,2,2,3,3,2,2,1
25,2,3,1,2,3,3,1,4,3,1,0
52,2,1,2,2,4,3,3,2,3,4,1
52,1,6,8,7,6,4,1,2,4,3,1
48,2,6,8,7,6,4,1,2,4,3,1
36,2,2,1,2,3,4,1,4,2,4,1
31,2,3,2,3,2,3,2,2,3,3,1
38,2,1,2,2,4,3,3,2,3,4,1
35,1,6,8,7,6,4,1,2,4,3,1
44,1,6,7,7,6,7,7,8,7,7,2
33,1,6,8,7,6,7,7,8,7,7,2
45,1,6,7,7,6,7,4,8,7,7,2
27,2,3,1,3,2,3,2,2,4,2,0
53,1,6,8,6,7,3,8,7,9,6,2
35,2,4,5,5,4,7,2,3,4,8,2
46,1,6,8,7,6,7,8,7,7,9,2
27,1,6,7,7,6,7,7,7,7,7,2
26,1,6,7,6,7,7,7,7,7,8,2
37,1,6,7,7,7,7,7,7,7,7,2
28,1,6,7,7,6,7,7,8,7,7,2
19,1,6,8,7,6,7,7,8,7,7,2
29,2,4,5,5,4,7,2,3,4,8,2
39,2,6,8,7,6,7,8,7,7,9,2
28,1,6,7,6,7,2,4,3,7,8,0
49,1,6,5,5,4,7,2,3,4,8,2
37,1,8,8,7,6,7,8,7,7,9,2
26,2,7,7,7,6,7,7,7,7,7,2
37,2,7,7,6,7,7,7,7,7,8,2
33,1,6,7,7,7,7,7,7,7,7,2
44,1,6,7,7,6,7,7,8,7,7,2
37,2,6,8,7,6,7,7,8,7,7,2
25,2,4,5,5,4,7,2,3,4,8,2
18,2,6,8,7,6,7,8,7,7,9,2
47,1,6,5,5,4,7,2,3,4,8,2
35,1,4,5,6,5,5,6,6,6,5,1
32,1,2,3,7,7,2,4,3,7,4,0
26,2,8,8,7,6,7,8,7,7,9,2
37,1,7,7,6,7,7,7,7,7,8,2
35,1,4,5,5,4,7,2,3,4,8,2
33,1,2,4,3,2,4,3,2,2,4,0
25,2,3,1,2,3,3,1,4,3,1,0
35,1,4,5,6,5,5,6,6,6,5,1
27,1,2,3,4,3,3,2,3,4,4,1
48,1,6,7,7,6,7,7,8,7,7,2
64,1,6,8,7,6,7,7,8,7,7,2
39,1,4,5,5,4,6,6,6,6,6,1
45,2,1,2,6,5,4,6,4,7,2,0
27,2,3,1,3,2,3,2,2,4,2,0
73,1,5,6,6,5,5,8,5,5,5,1
17,1,3,1,4,2,2,2,4,2,3,1
34,1,6,7,6,7,7,7,7,7,8,2
36,1,6,7,7,7,7,7,7,7,7,2
14,1,2,4,5,5,6,5,4,6,5,1
24,1,6,8,6,7,3,8,7,9,6,2
53,2,4,5,5,4,7,2,3,4,8,2
62,1,6,8,7,6,7,8,7,7,9,2
29,2,6,7,7,6,7,7,7,7,7,2
27,1,3,1,2,3,3,1,4,3,1,0
65,1,6,8,7,6,4,1,2,4,3,1
38,2,2,1,2,3,4,1,4,2,4,1
19,1,3,2,3,2,3,2,2,3,3,1
33,1,6,7,7,6,7,4,8,7,7,2
28,2,1,6,3,2,2,3,3,2,2,1
35,2,2,6,6,6,4,6,8,7,6,2
42,1,2,4,5,5,6,7,7,2,3,2
32,2,1,6,7,6,7,3,4,8,7,1
33,1,2,4,3,2,4,3,2,2,4,0
25,2,3,1,2,3,3,1,4,3,1,0
26,1,2,3,3,2,4,3,1,4,3,0
27,2,3,1,3,2,3,2,2,4,2,0
28,1,6,7,6,7,2,4,3,7,8,0
32,1,2,3,7,7,2,4,3,7,4,0
45,2,1,2,6,5,4,6,4,7,2,0
27,1,3,1,2,3,3,1,4,3,1,0
26,1,2,3,3,2,4,3,1,4,3,0
48,1,4,2,1,2,2,1,5,1,4,0
17,2,1,2,4,3,1,3,2,1,2,0
22,2,2,1,3,5,2,6,1,1,2,0
42,1,2,1,4,3,1,1,1,6,2,0
48,1,4,2,1,2,2,1,5,1,4,0
35,1,1,3,2,6,2,2,1,3,4,0
24,2,1,2,2,4,3,2,1,1,1,0
38,2,3,2,3,2,2,3,2,1,1,0
18,2,3,2,2,1,2,1,2,2,2,0
23,2,4,2,2,3,4,2,4,2,4,0
24,2,3,2,1,1,1,4,2,3,6,0
35,2,2,1,2,1,3,2,4,2,1,0
38,2,5,2,2,3,2,2,5,1,3,0
47,2,2,3,2,5,1,2,1,2,5,0
52,1,3,2,3,5,2,7,2,1,1,0
17,2,1,2,4,3,1,3,2,1,2,0
44,1,2,3,3,2,2,7,6,2,2,0
38,1,2,3,1,1,1,4,3,2,4,0
62,1,3,2,2,4,1,6,2,3,2,0
61,1,2,3,1,1,4,3,2,1,5,0
55,1,3,1,2,3,1,3,2,4,3,0
45,2,1,2,2,4,3,3,2,3,4,1
38,2,6,8,7,6,4,1,2,4,3,1
44,1,2,1,2,3,4,1,4,2,4,1
45,1,3,2,3,2,3,2,2,3,3,1
33,1,1,6,7,6,7,3,4,8,7,1
22,2,2,1,3,5,2,6,1,1,2,0
32,1,1,6,3,2,2,3,3,2,2,1
44,1,1,2,2,4,3,3,2,3,4,1
62,1,6,8,7,6,4,1,2,4,3,1
38,2,2,1,2,3,4,1,4,2,4,1
33,1,3,2,3,2,3,2,2,3,3,1
22,1,6,8,7,6,4,1,2,4,3,1
35,1,2,1,2,3,4,1,4,2,4,1
23,1,3,2,3,2,3,2,2,3,3,1
48,2,1,6,7,6,7,3,4,8,7,1
46,2,1,6,3,2,2,3,3,2,2,1
42,1,2,1,4,3,1,1,1,6,2,0
52,2,1,2,2,4,3,3,2,3,4,1
52,1,6,8,7,6,4,1,2,4,3,1
48,2,6,8,7,6,4,1,2,4,3,1
36,2,2,1,2,3,4,1,4,2,4,1
31,2,3,2,3,2,3,2,2,3,3,1
38,2,1,2,2,4,3,3,2,3,4,1
35,1,6,8,7,6,4,1,2,4,3,1
44,1,6,7,7,6,7,7,8,7,7,2
33,1,6,8,7,6,7,7,8,7,7,2
45,1,6,7,7,6,7,4,8,7,7,2
35,1,1,3,2,6,2,2,1,3,4,0
53,1,6,8,6,7,3,8,7,9,6,2
35,2,4,5,5,4,7,2,3,4,8,2
46,1,6,8,7,6,7,8,7,7,9,2
27,1,6,7,7,6,7,7,7,7,7,2
26,1,6,7,6,7,7,7,7,7,8,2
37,1,6,7,7,7,7,7,7,7,7,2
28,1,6,7,7,6,7,7,8,7,7,2
19,1,6,8,7,6,7,7,8,7,7,2
29,2,4,5,5,4,7,2,3,4,8,2
39,2,6,8,7,6,7,8,7,7,9,2
24,2,1,2,2,4,3,2,1,1,1,0
49,1,6,5,5,4,7,2,3,4,8,2
37,1,8,8,7,6,7,8,7,7,9,2
26,2,7,7,7,6,7,7,7,7,7,2
37,2,7,7,6,7,7,7,7,7,8,2
33,1,6,7,7,7,7,7,7,7,7,2
44,1,6,7,7,6,7,7,8,7,7,2
37,2,6,8,7,6,7,7,8,7,7,2
25,2,4,5,5,4,7,2,3,4,8,2
18,2,6,8,7,6,7,8,7,7,9,2
47,1,6,5,5,4,7,2,3,4,8,2
27,1,2,3,4,3,3,2,3,4,4,1
38,2,3,2,3,2,2,3,2,1,1,0
26,2,8,8,7,6,7,8,7,7,9,2
37,1,7,7,6,7,7,7,7,7,8,2
35,1,4,5,5,4,7,2,3,4,8,2
33,1,2,4,3,2,4,3,2,2,4,0
25,2,3,1,2,3,3,1,4,3,1,0
35,1,4,5,6,5,5,6,6,6,5,1
27,1,2,3,4,3,3,2,3,4,4,1
48,1,6,7,7,6,7,7,8,7,7,2
64,1,6,8,7,6,7,7,8,7,7,2
39,1,4,5,5,4,6,6,6,6,6,1
18,2,3,2,2,1,2,1,2,2,2,0
27,2,3,1,3,2,3,2,2,4,2,0
73,1,5,6,6,5,5,8,5,5,5,1
17,1,3,1,4,2,2,2,4,2,3,1
34,1,6,7,6,7,7,7,7,7,8,2
36,1,6,7,7,7,7,7,7,7,7,2
14,1,2,4,5,5,6,5,4,6,5,1
24,1,6,8,6,7,3,8,7,9,6,2
53,2,4,5,5,4,7,2,3,4,8,2
62,1,6,8,7,6,7,8,7,7,9,2
29,2,6,7,7,6,7,7,7,7,7,2
23,2,4,2,2,3,4,2,4,2,4,0
65,1,6,8,7,6,4,1,2,4,3,1
38,2,2,1,2,3,4,1,4,2,4,1
19,1,3,2,3,2,3,2,2,3,3,1
33,1,6,7,7,6,7,4,8,7,7,2
28,2,1,6,3,2,2,3,3,2,2,1
35,2,2,6,6,6,4,6,8,7,6,2
42,1,2,4,5,5,6,7,7,2,3,2
32,2,1,6,7,6,7,3,4,8,7,1
33,1,2,4,3,2,4,3,2,2,4,0
25,2,3,1,2,3,3,1,4,3,1,0
24,2,3,2,1,1,1,4,2,3,6,0
27,2,3,1,3,2,3,2,2,4,2,0
28,1,6,7,6,7,2,4,3,7,8,0
32,1,2,3,7,7,2,4,3,7,4,0
45,1,1,2,6,5,4,6,4,7,2,0
27,1,3,1,2,3,3,1,4,3,1,0
26,1,2,3,3,2,4,3,1,4,3,0
48,1,4,2,1,2,2,1,5,1,4,0
17,2,1,2,4,3,1,3,2,1,2,0
22,2,2,1,3,5,2,6,1,1,2,0
42,1,2,1,4,3,1,1,1,6,2,0
35,2,2,1,2,1,3,2,4,2,1,0
35,1,1,3,2,6,2,2,1,3,4,0
24,2,1,2,2,4,3,2,1,1,1,0
25,2,3,2,3,2,2,3,2,1,1,0
38,2,3,2,2,1,2,1,2,2,2,0
43,2,4,2,2,3,4,2,4,2,4,0
44,2,3,2,1,1,1,4,2,3,6,0
55,2,2,1,2,1,3,2,4,2,1,0
38,2,5,2,2,3,2,2,5,1,3,0
47,2,2,3,2,5,1,2,1,2,5,0
52,1,3,2,3,5,2,7,2,1,1,0
38,2,5,2,2,3,2,2,5,1,3,0
44,1,2,3,3,2,2,7,6,2,2,0
38,1,2,3,1,1,1,4,3,2,4,0
62,1,3,2,2,4,1,6,2,3,2,0
61,1,2,3,1,1,4,3,2,1,5,0
55,1,3,1,2,3,1,3,2,4,3,0
45,2,1,2,2,4,3,3,2,3,4,1
38,2,6,8,7,6,4,1,2,4,3,1
44,1,2,1,2,3,4,1,4,2,4,1
45,1,3,2,3,2,3,2,2,3,3,1
33,1,1,6,7,6,7,3,4,8,7,1
47,2,2,3,2,5,1,2,1,2,5,0
32,2,1,6,3,2,2,3,3,2,2,1
44,1,1,2,2,4,3,3,2,3,4,1
62,1,6,8,7,6,4,1,2,4,3,1
48,2,2,1,2,3,4,1,4,2,4,1
33,1,3,2,3,2,3,2,2,3,3,1
32,1,6,8,7,6,4,1,2,4,3,1
35,1,2,1,2,3,4,1,4,2,4,1
23,1,3,2,3,2,3,2,2,3,3,1
48,2,1,6,7,6,7,3,4,8,7,1
46,2,1,6,3,2,2,3,3,2,2,1
52,1,3,2,3,5,2,7,2,1,1,0
52,2,1,2,2,4,3,3,2,3,4,1
52,1,6,8,7,6,4,1,2,4,3,1
48,2,6,8,7,6,4,1,2,4,3,1
46,2,2,1,2,3,4,1,4,2,4,1
51,2,3,2,3,2,3,2,2,3,3,1
38,1,1,2,2,4,3,3,2,3,4,1
45,1,6,8,7,6,4,1,2,4,3,1
54,1,6,7,7,6,7,7,8,7,7,2
33,1,6,8,7,6,7,7,8,7,7,2
45,1,6,7,7,6,7,4,8,7,7,2
44,1,2,3,3,2,2,7,6,2,2,0
63,1,6,8,6,7,3,8,7,9,6,2
45,1,4,5,5,4,7,2,3,4,8,2
46,1,6,8,7,6,7,8,7,7,9,2
37,1,6,7,7,6,7,7,7,7,7,2
36,1,6,7,6,7,7,7,7,7,8,2
37,1,6,7,7,7,7,7,7,7,7,2
28,1,6,7,7,6,7,7,8,7,7,2
19,1,6,8,7,6,7,7,8,7,7,2
39,1,4,5,5,4,7,2,3,4,8,2
39,1,6,8,7,6,7,8,7,7,9,2
38,1,2,3,1,1,1,4,3,2,4,0
49,1,6,5,5,4,7,2,3,4,8,2
37,1,8,8,7,6,7,8,7,7,9,2
36,1,7,7,7,6,7,7,7,7,7,2
37,1,7,7,6,7,7,7,7,7,8,2
33,1,6,7,7,7,7,7,7,7,7,2
44,1,6,7,7,6,7,7,8,7,7,2
37,1,6,8,7,6,7,7,8,7,7,2
25,1,4,5,5,4,7,2,3,4,8,2
28,1,6,8,7,6,7,8,7,7,9,2
47,1,6,5,5,4,7,2,3,4,8,2
48,1,6,7,7,6,7,7,8,7,7,2
62,1,3,2,2,4,1,6,2,3,2,0
26,2,8,8,7,6,7,8,7,7,9,2
37,1,7,7,6,7,7,7,7,7,8,2
35,1,4,5,5,4,7,2,3,4,8,2
33,1,2,4,3,2,4,3,2,2,4,0
25,2,3,1,2,3,3,1,4,3,1,0
35,2,4,5,6,5,5,6,6,6,5,1
27,2,2,3,4,3,3,2,3,4,4,1
48,2,6,7,7,6,7,7,8,7,7,2
64,1,6,8,7,6,7,7,8,7,7,2
39,1,4,5,5,4,6,6,6,6,6,1
61,1,2,3,1,1,4,3,2,1,5,0
27,2,3,1,3,2,3,2,2,4,2,0
73,1,5,6,6,5,5,8,5,5,5,1
17,1,3,1,4,2,2,2,4,2,3,1
34,1,6,7,6,7,7,7,7,7,8,2
36,1,6,7,7,7,7,7,7,7,7,2
24,1,2,4,5,5,6,5,4,6,5,1
24,1,6,8,6,7,3,8,7,9,6,2
53,1,4,5,5,4,7,2,3,4,8,2
62,1,6,8,7,6,7,8,7,7,9,2
29,1,6,7,7,6,7,7,7,7,7,2
55,1,3,1,2,3,1,3,2,4,3,0
65,1,6,8,7,6,4,1,2,4,3,1
38,1,2,1,2,3,4,1,4,2,4,1
19,1,3,2,3,2,3,2,2,3,3,1
33,1,6,7,7,6,7,4,8,7,7,2
28,1,1,6,3,2,2,3,3,2,2,1
35,1,2,6,6,6,4,6,8,7,6,2
42,1,2,4,5,5,6,7,7,2,3,2
32,2,1,6,7,6,7,3,4,8,7,1
33,1,2,4,3,2,4,3,2,2,4,0
25,2,3,1,2,3,3,1,4,3,1,0
45,2,1,2,2,4,3,3,2,3,4,1
27,2,3,1,3,2,3,2,2,4,2,0
28,1,6,7,6,7,2,4,3,7,8,0
32,1,2,3,7,7,2,4,3,7,4,0
45,2,1,2,6,5,4,6,4,7,2,0
27,1,3,1,2,3,3,1,4,3,1,0
26,1,2,3,3,2,4,3,1,4,3,0
48,1,4,2,1,2,2,1,5,1,4,0
17,2,1,2,4,3,1,3,2,1,2,0
22,2,2,1,3,5,2,6,1,1,2,0
42,1,2,1,4,3,1,1,1,6,2,0
38,2,6,8,7,6,4,1,2,4,3,1
35,1,1,3,2,6,2,2,1,3,4,0
24,2,1,2,2,4,3,2,1,1,1,0
38,2,3,2,3,2,2,3,2,1,1,0
18,2,3,2,2,1,2,1,2,2,2,0
23,2,4,2,2,3,4,2,4,2,4,0
24,1,3,2,1,1,1,4,2,3,6,0
35,1,2,1,2,1,3,2,4,2,1,0
38,2,5,2,2,3,2,2,5,1,3,0
47,2,2,3,2,5,1,2,1,2,5,0
52,1,3,2,3,5,2,7,2,1,1,0
44,1,2,1,2,3,4,1,4,2,4,1
44,1,2,3,3,2,2,7,6,2,2,0
38,1,2,3,1,1,1,4,3,2,4,0
62,1,3,2,2,4,1,6,2,3,2,0
61,1,2,3,1,1,4,3,2,1,5,0
55,1,3,1,2,3,1,3,2,4,3,0
45,2,1,2,2,4,3,3,2,3,4,1
38,2,6,8,7,6,4,1,2,4,3,1
44,1,2,1,2,3,4,1,4,2,4,1
45,1,3,2,3,2,3,2,2,3,3,1
33,1,1,6,7,6,7,3,4,8,7,1
45,1,3,2,3,2,3,2,2,3,3,1
32,1,1,6,3,2,2,3,3,2,2,1
44,1,1,2,2,4,3,3,2,3,4,1
62,1,6,8,7,6,4,1,2,4,3,1
38,2,2,1,2,3,4,1,4,2,4,1
33,1,3,2,3,2,3,2,2,3,3,1
22,1,6,8,7,6,4,1,2,4,3,1
35,1,2,1,2,3,4,1,4,2,4,1
23,1,3,2,3,2,3,2,2,3,3,1
48,2,1,6,7,6,7,3,4,8,7,1
46,2,1,6,3,2,2,3,3,2,2,1
33,1,1,6,7,6,7,3,4,8,7,1
52,2,1,2,2,4,3,3,2,3,4,1
52,1,6,8,7,6,4,1,2,4,3,1
48,2,6,8,7,6,4,1,2,4,3,1
36,2,2,1,2,3,4,1,4,2,4,1
31,2,3,2,3,2,3,2,2,3,3,1
38,2,1,2,2,4,3,3,2,3,4,1
35,1,6,8,7,6,4,1,2,4,3,1
44,1,6,7,7,6,7,7,8,7,7,2
33,1,6,8,7,6,7,7,8,7,7,2
45,1,6,7,7,6,7,4,8,7,7,2
32,1,1,6,3,2,2,3,3,2,2,1
53,1,6,8,6,7,3,8,7,9,6,2
35,2,4,5,5,4,7,2,3,4,8,2
46,1,6,8,7,6,7,8,7,7,9,2
27,1,6,7,7,6,7,7,7,7,7,2
26,1,6,7,6,7,7,7,7,7,8,2
37,1,6,7,7,7,7,7,7,7,7,2
28,1,6,7,7,6,7,7,8,7,7,2
19,1,6,8,7,6,7,7,8,7,7,2
29,2,4,5,5,4,7,2,3,4,8,2
39,2,6,8,7,6,7,8,7,7,9,2
44,1,1,2,2,4,3,3,2,3,4,1
49,1,6,5,5,4,7,2,3,4,8,2
37,1,8,8,7,6,7,8,7,7,9,2
26,2,7,7,7,6,7,7,7,7,7,2
37,2,7,7,6,7,7,7,7,7,8,2
33,1,6,7,7,7,7,7,7,7,7,2
44,1,6,7,7,6,7,7,8,7,7,2
37,2,6,8,7,6,7,7,8,7,7,2
25,2,4,5,5,4,7,2,3,4,8,2
18,2,6,8,7,6,7,8,7,7,9,2
47,1,6,5,5,4,7,2,3,4,8,2
64,1,6,8,7,6,7,7,8,7,7,2
62,1,6,8,7,6,4,1,2,4,3,1
26,2,8,8,7,6,7,8,7,7,9,2
37,1,7,7,6,7,7,7,7,7,8,2
35,1,4,5,5,4,7,2,3,4,8,2
33,1,2,4,3,2,4,3,2,2,4,0
25,2,3,1,2,3,3,1,4,3,1,0
35,1,4,5,6,5,5,6,6,6,5,1
27,1,2,3,4,3,3,2,3,4,4,1
48,1,6,7,7,6,7,7,8,7,7,2
64,1,6,8,7,6,7,7,8,7,7,2
39,1,4,5,5,4,6,6,6,6,6,1
38,2,2,1,2,3,4,1,4,2,4,1
27,2,3,1,3,2,3,2,2,4,2,0
73,1,5,6,6,5,5,8,5,5,5,1
17,1,3,1,4,2,2,2,4,2,3,1
34,1,6,7,6,7,7,7,7,7,8,2
36,1,6,7,7,7,7,7,7,7,7,2
14,1,2,4,5,5,6,5,4,6,5,1
24,1,6,8,6,7,3,8,7,9,6,2
53,2,4,5,5,4,7,2,3,4,8,2
62,1,6,8,7,6,7,8,7,7,9,2
29,2,6,7,7,6,7,7,7,7,7,2
33,1,3,2,3,2,3,2,2,3,3,1
65,1,6,8,7,6,4,1,2,4,3,1
38,2,2,1,2,3,4,1,4,2,4,1
19,1,3,2,3,2,3,2,2,3,3,1
33,1,6,7,7,6,7,4,8,7,7,2
28,2,1,6,3,2,2,3,3,2,2,1
35,2,2,6,6,6,4,6,8,7,6,2
42,1,2,4,5,5,6,7,7,2,3,2
32,2,1,6,7,6,7,3,4,8,7,1
33,1,2,4,3,2,4,3,2,2,4,0
25,2,3,1,2,3,3,1,4,3,1,0
22,1,6,8,7,6,4,1,2,4,3,1
27,2,3,1,3,2,3,2,2,4,2,0
28,1,6,7,6,7,2,4,3,7,8,0
32,1,2,3,7,7,2,4,3,7,4,0
45,2,1,2,6,5,4,6,4,7,2,0
27,1,3,1,2,3,3,1,4,3,1,0
26,1,2,3,3,2,4,3,1,4,3,0
48,1,4,2,1,2,2,1,5,1,4,0
17,2,1,2,4,3,1,3,2,1,2,0
22,2,2,1,3,5,2,6,1,1,2,0
42,1,2,1,4,3,1,1,1,6,2,0
35,1,2,1,2,3,4,1,4,2,4,1
35,1,1,3,2,6,2,2,1,3,4,0
24,2,1,2,2,4,3,2,1,1,1,0
38,2,3,2,3,2,2,3,2,1,1,0
18,2,3,2,2,1,2,1,2,2,2,0
23,2,4,2,2,3,4,2,4,2,4,0
24,2,3,2,1,1,1,4,2,3,6,0
35,2,2,1,2,1,3,2,4,2,1,0
38,2,5,2,2,3,2,2,5,1,3,0
47,2,2,3,2,5,1,2,1,2,5,0
52,1,3,2,3,5,2,7,2,1,1,0
23,1,3,2,3,2,3,2,2,3,3,1
44,1,2,3,3,2,2,7,6,2,2,0
38,1,2,3,1,1,1,4,3,2,4,0
62,1,3,2,2,4,1,6,2,3,2,0
61,1,2,3,1,1,4,3,2,1,5,0
55,1,3,1,2,3,1,3,2,4,3,0
45,2,1,2,2,4,3,3,2,3,4,1
38,2,6,8,7,6,4,1,2,4,3,1
44,1,2,1,2,3,4,1,4,2,4,1
45,1,3,2,3,2,3,2,2,3,3,1
33,1,1,6,7,6,7,3,4,8,7,1
48,2,1,6,7,6,7,3,4,8,7,1
32,1,1,6,3,2,2,3,3,2,2,1
44,1,1,2,2,4,3,3,2,3,4,1
62,1,6,8,7,6,4,1,2,4,3,1
38,2,2,1,2,3,4,1,4,2,4,1
33,1,3,2,3,2,3,2,2,3,3,1
22,1,6,8,7,6,4,1,2,4,3,1
35,1,2,1,2,3,4,1,4,2,4,1
23,1,3,2,3,2,3,2,2,3,3,1
48,2,1,6,7,6,7,3,4,8,7,1
46,2,1,6,3,2,2,3,3,2,2,1
46,2,1,6,3,2,2,3,3,2,2,1
52,2,1,2,2,4,3,3,2,3,4,1
52,1,6,8,7,6,4,1,2,4,3,1
48,2,6,8,7,6,4,1,2,4,3,1
36,2,2,1,2,3,4,1,4,2,4,1
31,2,3,2,3,2,3,2,2,3,3,1
38,2,1,2,2,4,3,3,2,3,4,1
35,1,6,8,7,6,4,1,2,4,3,1
44,1,6,7,7,6,7,7,8,7,7,2
33,1,6,8,7,6,7,7,8,7,7,2
45,1,6,7,7,6,7,4,8,7,7,2
52,2,1,2,2,4,3,3,2,3,4,1
53,1,6,8,6,7,3,8,7,9,6,2
35,2,4,5,5,4,7,2,3,4,8,2
46,1,6,8,7,6,7,8,7,7,9,2
27,1,6,7,7,6,7,7,7,7,7,2
26,1,6,7,6,7,7,7,7,7,8,2
37,1,6,7,7,7,7,7,7,7,7,2
28,1,6,7,7,6,7,7,8,7,7,2
19,1,6,8,7,6,7,7,8,7,7,2
29,2,4,5,5,4,7,2,3,4,8,2
39,2,6,8,7,6,7,8,7,7,9,2
52,1,6,8,7,6,4,1,2,4,3,1
49,1,6,5,5,4,7,2,3,4,8,2
37,1,8,8,7,6,7,8,7,7,9,2
26,2,7,7,7,6,7,7,7,7,7,2
37,2,7,7,6,7,7,7,7,7,8,2
33,1,6,7,7,7,7,7,7,7,7,2
44,1,6,7,7,6,7,7,8,7,7,2
37,2,6,8,7,6,7,7,8,7,7,2
25,2,4,5,5,4,7,2,3,4,8,2
18,2,6,8,7,6,7,8,7,7,9,2
47,1,6,5,5,4,7,2,3,4,8,2
39,1,4,5,5,4,6,6,6,6,6,1
48,2,6,8,7,6,4,1,2,4,3,1
26,2,8,8,7,6,7,8,7,7,9,2
37,1,7,7,6,7,7,7,7,7,8,2
35,1,4,5,5,4,7,2,3,4,8,2
33,1,2,4,3,2,4,3,2,2,4,0
25,2,3,1,2,3,3,1,4,3,1,0
35,1,4,5,6,5,5,6,6,6,5,1
27,1,2,3,4,3,3,2,3,4,4,1
48,1,6,7,7,6,7,7,8,7,7,2
64,1,6,8,7,6,7,7,8,7,7,2
39,1,4,5,5,4,6,6,6,6,6,1
36,2,2,1,2,3,4,1,4,2,4,1
27,2,3,1,3,2,3,2,2,4,2,0
73,1,5,6,6,5,5,8,5,5,5,1
17,1,3,1,4,2,2,2,4,2,3,1
34,1,6,7,6,7,7,7,7,7,8,2
36,1,6,7,7,7,7,7,7,7,7,2
14,1,2,4,5,5,6,5,4,6,5,1
24,1,6,8,6,7,3,8,7,9,6,2
53,2,4,5,5,4,7,2,3,4,8,2
62,1,6,8,7,6,7,8,7,7,9,2
29,2,6,7,7,6,7,7,7,7,7,2
31,2,3,2,3,2,3,2,2,3,3,1
65,1,6,8,7,6,4,1,2,4,3,1
38,2,2,1,2,3,4,1,4,2,4,1
19,1,3,2,3,2,3,2,2,3,3,1
33,1,6,7,7,6,7,4,8,7,7,2
28,2,1,6,3,2,2,3,3,2,2,1
35,2,2,6,6,6,4,6,8,7,6,2
42,1,2,4,5,5,6,7,7,2,3,2
32,2,1,6,7,6,7,3,4,8,7,1
33,1,2,4,3,2,4,3,2,2,4,0
25,2,3,1,2,3,3,1,4,3,1,0
38,2,1,2,2,4,3,3,2,3,4,1
27,2,3,1,3,2,3,2,2,4,2,0
28,1,6,7,6,7,2,4,3,7,8,0
32,1,2,3,7,7,2,4,3,7,4,0
45,2,1,2,6,5,4,6,4,7,2,0
27,1,3,1,2,3,3,1,4,3,1,0
26,1,2,3,3,2,4,3,1,4,3,0
48,1,4,2,1,2,2,1,5,1,4,0
17,2,1,2,4,3,1,3,2,1,2,0
22,2,2,1,3,5,2,6,1,1,2,0
42,1,2,1,4,3,1,1,1,6,2,0
35,1,6,8,7,6,4,1,2,4,3,1
35,1,1,3,2,6,2,2,1,3,4,0
24,2,1,2,2,4,3,2,1,1,1,0
38,2,3,2,3,2,2,3,2,1,1,0
18,2,3,2,2,1,2,1,2,2,2,0
23,2,4,2,2,3,4,2,4,2,4,0
24,2,3,2,1,1,1,4,2,3,6,0
35,2,2,1,2,1,3,2,4,2,1,0
38,2,5,2,2,3,2,2,5,1,3,0
47,2,2,3,2,5,1,2,1,2,5,0
52,1,3,2,3,5,2,7,2,1,1,0
44,1,6,7,7,6,7,7,8,7,7,2
44,1,2,3,3,2,2,7,6,2,2,0
38,1,2,3,1,1,1,4,3,2,4,0
62,1,3,2,2,4,1,6,2,3,2,0
61,1,2,3,1,1,4,3,2,1,5,0
55,1,3,1,2,3,1,3,2,4,3,0
45,2,1,2,2,4,3,3,2,3,4,1
38,2,6,8,7,6,4,1,2,4,3,1
44,1,2,1,2,3,4,1,4,2,4,1
45,1,3,2,3,2,3,2,2,3,3,1
33,1,1,6,7,6,7,3,4,8,7,1
33,1,6,8,7,6,7,7,8,7,7,2
32,1,1,6,3,2,2,3,3,2,2,1
44,1,1,2,2,4,3,3,2,3,4,1
62,1,6,8,7,6,4,1,2,4,3,1
38,2,2,1,2,3,4,1,4,2,4,1
33,1,3,2,3,2,3,2,2,3,3,1
22,1,6,8,7,6,4,1,2,4,3,1
35,1,2,1,2,3,4,1,4,2,4,1
23,1,3,2,3,2,3,2,2,3,3,1
48,2,1,6,7,6,7,3,4,8,7,1
46,2,1,6,3,2,2,3,3,2,2,1
45,1,6,7,7,6,7,4,8,7,7,2
52,2,1,2,2,4,3,3,2,3,4,1
52,1,6,8,7,6,4,1,2,4,3,1
48,2,6,8,7,6,4,1,2,4,3,1
36,2,2,1,2,3,4,1,4,2,4,1
31,2,3,2,3,2,3,2,2,3,3,1
38,2,1,2,2,4,3,3,2,3,4,1
35,1,6,8,7,6,4,1,2,4,3,1
44,1,6,7,7,6,7,7,8,7,7,2
33,1,6,8,7,6,7,7,8,7,7,2
45,1,6,7,7,6,7,4,8,7,7,2
53,1,6,8,6,7,3,8,7,9,6,2
53,1,6,8,6,7,3,8,7,9,6,2
35,2,4,5,5,4,7,2,3,4,8,2
46,1,6,8,7,6,7,8,7,7,9,2
27,1,6,7,7,6,7,7,7,7,7,2
26,1,6,7,6,7,7,7,7,7,8,2
37,1,6,7,7,7,7,7,7,7,7,2
28,1,6,7,7,6,7,7,8,7,7,2
19,1,6,8,7,6,7,7,8,7,7,2
29,2,4,5,5,4,7,2,3,4,8,2
39,2,6,8,7,6,7,8,7,7,9,2
35,2,4,5,5,4,7,2,3,4,8,2
49,1,6,5,5,4,7,2,3,4,8,2
37,1,8,8,7,6,7,8,7,7,9,2
26,2,7,7,7,6,7,7,7,7,7,2
37,2,7,7,6,7,7,7,7,7,8,2
33,1,6,7,7,7,7,7,7,7,7,2
44,1,6,7,7,6,7,7,8,7,7,2
37,2,6,8,7,6,7,7,8,7,7,2
25,2,4,5,5,4,7,2,3,4,8,2
18,2,6,8,7,6,7,8,7,7,9,2
47,1,6,5,5,4,7,2,3,4,8,2
27,2,3,1,3,2,3,2,2,4,2,0
46,1,6,8,7,6,7,8,7,7,9,2
26,2,8,8,7,6,7,8,7,7,9,2
37,1,7,7,6,7,7,7,7,7,8,2
35,1,4,5,5,4,7,2,3,4,8,2
33,1,2,4,3,2,4,3,2,2,4,0
25,2,3,1,2,3,3,1,4,3,1,0
35,1,4,5,6,5,5,6,6,6,5,1
27,1,2,3,4,3,3,2,3,4,4,1
48,1,6,7,7,6,7,7,8,7,7,2
64,1,6,8,7,6,7,7,8,7,7,2
39,1,4,5,5,4,6,6,6,6,6,1
27,1,6,7,7,6,7,7,7,7,7,2
27,2,3,1,3,2,3,2,2,4,2,0
73,1,5,6,6,5,5,8,5,5,5,1
17,1,3,1,4,2,2,2,4,2,3,1
34,1,6,7,6,7,7,7,7,7,8,2
36,1,6,7,7,7,7,7,7,7,7,2
14,1,2,4,5,5,6,5,4,6,5,1
24,1,6,8,6,7,3,8,7,9,6,2
53,2,4,5,5,4,7,2,3,4,8,2
62,1,6,8,7,6,7,8,7,7,9,2
29,2,6,7,7,6,7,7,7,7,7,2
26,1,6,7,6,7,7,7,7,7,8,2
65,1,6,8,7,6,4,1,2,4,3,1
38,2,2,1,2,3,4,1,4,2,4,1
19,1,3,2,3,2,3,2,2,3,3,1
33,1,6,7,7,6,7,4,8,7,7,2
28,2,1,6,3,2,2,3,3,2,2,1
35,2,2,6,6,6,4,6,8,7,6,2
42,1,2,4,5,5,6,7,7,2,3,2
32,2,1,6,7,6,7,3,4,8,7,1
33,1,2,4,3,2,4,3,2,2,4,0
25,2,3,1,2,3,3,1,4,3,1,0
37,1,6,7,7,7,7,7,7,7,7,2
27,2,3,1,3,2,3,2,2,4,2,0
28,1,6,7,6,7,2,4,3,7,8,0
32,1,2,3,7,7,2,4,3,7,4,0
45,2,1,2,6,5,4,6,4,7,2,0
27,1,3,1,2,3,3,1,4,3,1,0
26,1,2,3,3,2,4,3,1,4,3,0
48,1,4,2,1,2,2,1,5,1,4,0
17,2,1,2,4,3,1,3,2,1,2,0
22,2,2,1,3,5,2,6,1,1,2,0
42,1,2,1,4,3,1,1,1,6,2,0
28,1,6,7,7,6,7,7,8,7,7,2
35,1,1,3,2,6,2,2,1,3,4,0
24,2,1,2,2,4,3,2,1,1,1,0
38,2,3,2,3,2,2,3,2,1,1,0
18,2,3,2,2,1,2,1,2,2,2,0
23,2,4,2,2,3,4,2,4,2,4,0
24,2,3,2,1,1,1,4,2,3,6,0
35,2,2,1,2,1,3,2,4,2,1,0
38,2,5,2,2,3,2,2,5,1,3,0
47,2,2,3,2,5,1,2,1,2,5,0
52,1,3,2,3,5,2,7,2,1,1,0
19,1,6,8,7,6,7,7,8,7,7,2
44,1,2,3,3,2,2,7,6,2,2,0
38,1,2,3,1,1,1,4,3,2,4,0
62,1,3,2,2,4,1,6,2,3,2,0
61,1,2,3,1,1,4,3,2,1,5,0
55,1,3,1,2,3,1,3,2,4,3,0
45,2,1,2,2,4,3,3,2,3,4,1
38,2,6,8,7,6,4,1,2,4,3,1
44,1,2,1,2,3,4,1,4,2,4,1
45,1,3,2,3,2,3,2,2,3,3,1
33,1,1,6,7,6,7,3,4,8,7,1
29,2,4,5,5,4,7,2,3,4,8,2
32,1,1,6,3,2,2,3,3,2,2,1
44,1,1,2,2,4,3,3,2,3,4,1
62,1,6,8,7,6,4,1,2,4,3,1
38,2,2,1,2,3,4,1,4,2,4,1
33,1,3,2,3,2,3,2,2,3,3,1
22,1,6,8,7,6,4,1,2,4,3,1
35,1,2,1,2,3,4,1,4,2,4,1
23,1,3,2,3,2,3,2,2,3,3,1
48,2,1,6,7,6,7,3,4,8,7,1
46,2,1,6,3,2,2,3,3,2,2,1
39,2,6,8,7,6,7,8,7,7,9,2
52,2,1,2,2,4,3,3,2,3,4,1
52,1,6,8,7,6,4,1,2,4,3,1
48,2,6,8,7,6,4,1,2,4,3,1
36,2,2,1,2,3,4,1,4,2,4,1
31,2,3,2,3,2,3,2,2,3,3,1
38,2,1,2,2,4,3,3,2,3,4,1
35,1,6,8,7,6,4,1,2,4,3,1
44,1,6,7,7,6,7,7,8,7,7,2
33,1,6,8,7,6,7,7,8,7,7,2
45,1,6,7,7,6,7,4,8,7,7,2
49,1,6,5,5,4,7,2,3,4,8,2
53,1,6,8,6,7,3,8,7,9,6,2
35,2,4,5,5,4,7,2,3,4,8,2
46,1,6,8,7,6,7,8,7,7,9,2
27,1,6,7,7,6,7,7,7,7,7,2
26,1,6,7,6,7,7,7,7,7,8,2
37,1,6,7,7,7,7,7,7,7,7,2
28,1,6,7,7,6,7,7,8,7,7,2
19,1,6,8,7,6,7,7,8,7,7,2
29,2,4,5,5,4,7,2,3,4,8,2
39,2,6,8,7,6,7,8,7,7,9,2
37,1,8,8,7,6,7,8,7,7,9,2
49,1,6,5,5,4,7,2,3,4,8,2
37,1,8,8,7,6,7,8,7,7,9,2
26,2,7,7,7,6,7,7,7,7,7,2
37,2,7,7,6,7,7,7,7,7,8,2
33,1,6,7,7,7,7,7,7,7,7,2
44,1,6,7,7,6,7,7,8,7,7,2
37,2,6,8,7,6,7,7,8,7,7,2
25,2,4,5,5,4,7,2,3,4,8,2
18,2,6,8,7,6,7,8,7,7,9,2
47,1,6,5,5,4,7,2,3,4,8,2
73,1,5,6,6,5,5,8,5,5,5,1
26,2,7,7,7,6,7,7,7,7,7,2
26,2,8,8,7,6,7,8,7,7,9,2
37,1,7,7,6,7,7,7,7,7,8,2
35,2,4,5,5,4,7,2,3,4,8,2
33,1,2,4,3,2,4,3,2,2,4,0
25,2,3,1,2,3,3,1,4,3,1,0
35,1,4,5,6,5,5,6,6,6,5,1
27,1,2,3,4,3,3,2,3,4,4,1
48,1,6,7,7,6,7,7,8,7,7,2
64,1,6,8,7,6,7,7,8,7,7,2
39,1,4,5,5,4,6,6,6,6,6,1
37,2,7,7,6,7,7,7,7,7,8,2
27,2,3,1,3,2,3,2,2,4,2,0
73,1,5,6,6,5,5,8,5,5,5,1
17,1,3,1,4,2,2,2,4,2,3,1
34,1,6,7,6,7,7,7,7,7,8,2
36,1,6,7,7,7,7,7,7,7,7,2
14,1,2,4,5,5,6,5,4,6,5,1
24,1,6,8,6,7,3,8,7,9,6,2
53,2,4,5,5,4,7,2,3,4,8,2
62,1,6,8,7,6,7,8,7,7,9,2
29,2,6,7,7,6,7,7,7,7,7,2
33,1,6,7,7,7,7,7,7,7,7,2
65,1,6,8,7,6,4,1,2,4,3,1
38,2,2,1,2,3,4,1,4,2,4,1
19,1,3,2,3,2,3,2,2,3,3,1
33,1,6,7,7,6,7,4,8,7,7,2
28,2,1,6,3,2,2,3,3,2,2,1
35,2,2,6,6,6,4,6,8,7,6,2
42,1,2,4,5,5,6,7,7,2,3,2
32,2,1,6,7,6,7,3,4,8,7,1
33,1,2,4,3,2,4,3,2,2,4,0
25,2,3,1,2,3,3,1,4,3,1,0
44,1,6,7,7,6,7,7,8,7,7,2
27,2,3,1,3,2,3,2,2,4,2,0
28,1,6,7,6,7,2,4,3,7,8,0
32,1,2,3,7,7,2,4,3,7,4,0
45,2,1,2,6,5,4,6,4,7,2,0
27,1,3,1,2,3,3,1,4,3,1,0
26,1,2,3,3,2,4,3,1,4,3,0
48,1,4,2,1,2,2,1,5,1,4,0
17,2,1,2,4,3,1,3,2,1,2,0
22,2,2,1,3,5,2,6,1,1,2,0
42,1,2,1,4,3,1,1,1,6,2,0
37,2,6,8,7,6,7,7,8,7,7,2
35,1,1,3,2,6,2,2,1,3,4,0
24,2,1,2,2,4,3,2,1,1,1,0
38,2,3,2,3,2,2,3,2,1,1,0
18,2,3,2,2,1,2,1,2,2,2,0
23,2,4,2,2,3,4,2,4,2,4,0
24,2,3,2,1,1,1,4,2,3,6,0
35,2,2,1,2,1,3,2,4,2,1,0
38,2,5,2,2,3,2,2,5,1,3,0
47,2,2,3,2,5,1,2,1,2,5,0
52,1,3,2,3,5,2,7,2,1,1,0
25,2,4,5,5,4,7,2,3,4,8,2
44,1,2,3,3,2,2,7,6,2,2,0
38,1,2,3,1,1,1,4,3,2,4,0
62,1,3,2,2,4,1,6,2,3,2,0
61,1,2,3,1,1,4,3,2,1,5,0
55,1,3,1,2,3,1,3,2,4,3,0
45,2,1,2,2,4,3,3,2,3,4,1
38,2,6,8,7,6,4,1,2,4,3,1
44,1,2,1,2,3,4,1,4,2,4,1
45,1,3,2,3,2,3,2,2,3,3,1
33,1,1,6,7,6,7,3,4,8,7,1
18,2,6,8,7,6,7,8,7,7,9,2
32,1,1,6,3,2,2,3,3,2,2,1
44,1,1,2,2,4,3,3,2,3,4,1
62,1,6,8,7,6,4,1,2,4,3,1
38,2,2,1,2,3,4,1,4,2,4,1
33,1,3,2,3,2,3,2,2,3,3,1
22,1,6,8,7,6,4,1,2,4,3,1
35,1,2,1,2,3,4,1,4,2,4,1
23,1,3,2,3,2,3,2,2,3,3,1
48,2,1,6,7,6,7,3,4,8,7,1
46,2,1,6,3,2,2,3,3,2,2,1
47,1,6,5,5,4,7,2,3,4,8,2
52,2,1,2,2,4,3,3,2,3,4,1
52,1,6,8,7,6,4,1,2,4,3,1
48,2,6,8,7,6,4,1,2,4,3,1
36,2,2,1,2,3,4,1,4,2,4,1
31,2,3,2,3,2,3,2,2,3,3,1
38,2,1,2,2,4,3,3,2,3,4,1
35,1,6,8,7,6,4,1,2,4,3,1
44,1,6,7,7,6,7,7,8,7,7,2
33,1,2,4,3,2,4,3,2,2,4,0
45,1,3,1,2,3,3,1,4,3,1,0
26,2,8,8,7,6,7,8,7,7,9,2
53,1,3,1,3,2,3,2,2,4,2,0
35,2,4,5,5,4,7,2,3,4,8,2
46,1,6,8,7,6,7,8,7,7,9,2
27,1,6,7,7,6,7,7,7,7,7,2
26,1,3,2,3,2,3,2,2,3,3,1
37,1,1,2,2,4,3,3,2,3,4,1
28,1,6,7,7,6,7,7,8,7,7,2
19,1,6,8,7,6,7,7,8,7,7,2
29,2,4,5,5,4,7,2,3,4,8,2
39,2,6,8,7,6,7,8,7,7,9,2
37,1,7,7,6,7,7,7,7,7,8,2
49,1,6,5,5,4,7,2,3,4,8,2
37,1,8,8,7,6,7,8,7,7,9,2
26,2,7,7,7,6,7,7,7,7,7,2
37,2,7,7,6,7,7,7,7,7,8,2
33,1,6,7,7,7,7,7,7,7,7,2
44,1,6,7,7,6,7,7,8,7,7,2
37,2,6,8,7,6,7,7,8,7,7,2
25,2,4,5,5,4,7,2,3,4,8,2
18,2,6,8,7,6,7,8,7,7,9,2
47,1,6,5,5,4,7,2,3,4,8,2
46,1,2,3,6,7,6,8,8,6,9,3
35,1,6,1,1,5,1,4,5,3,4,3
52,1,6,2,1,4,2,3,3,3,3,3
28,1,6,1,1,3,1,2,3,4,3,3
35,1,6,1,1,2,2,1,2,5,2,3
46,2,1,1,2,1,3,2,2,4,2,3
44,2,6,1,1,1,4,3,2,3,2,3
64,2,4,1,2,2,3,4,2,2,1,3
39,1,6,3,3,3,2,2,2,2,2,3
34,1,6,2,4,2,1,3,2,3,1,3
27,2,6,4,3,1,2,1,2,3,2,3
73,2,6,5,2,2,1,2,2,1,1,3
17,1,6,2,1,1,2,4,4,1,2,3
34,2,6,1,2,3,4,3,3,1,1,3
36,1,4,1,3,2,3,5,3,3,1,3
14,1,6,3,4,1,2,4,3,2,1,3
24,1,6,5,5,2,5,3,2,3,3,3
53,1,6,1,3,1,3,2,2,4,2,3
62,1,8,3,2,2,4,3,2,3,3,3
29,1,7,5,1,1,3,2,2,2,3,3
36,2,7,7,2,4,2,3,2,3,3,3
65,1,6,7,1,3,3,4,1,2,4,3
38,2,6,6,2,2,2,3,1,3,4,3
19,1,6,5,1,2,3,2,1,1,3,3
33,1,4,4,2,3,2,1,1,2,3,3
28,2,6,3,4,4,4,2,2,2,3,3
35,1,6,1,5,5,3,1,1,1,3,3
42,1,4,2,4,5,2,2,2,2,3,3
32,2,6,3,3,4,1,1,2,2,3,3
33,2,8,4,2,5,2,2,3,3,3,3
25,1,7,2,1,6,1,3,3,2,3,3
14,2,4,3,3,4,2,2,2,3,2,3
27,1,2,5,4,3,4,1,3,2,2,3
28,2,3,4,2,2,3,2,2,3,2,3
32,1,4,3,3,3,2,1,3,2,2,3
45,2,2,1,2,2,1,2,2,3,2,3
27,1,6,2,3,1,2,1,3,2,1,3
26,1,6,3,5,2,3,1,2,3,1,3
48,2,4,3,4,3,4,1,3,2,1,3
17,2,2,2,3,4,3,1,2,3,1,3
22,2,3,4,2,3,2,2,3,2,1,3
42,1,5,1,1,2,3,2,2,3,1,3
24,2,3,2,2,3,2,2,3,2,1,3
35,1,6,2,1,2,1,2,2,3,1,3
24,1,6,3,3,2,2,3,3,2,2,3
38,1,2,4,2,3,3,2,2,3,3,3
18,1,6,4,4,2,2,1,3,2,3,3
23,2,4,3,3,3,3,2,2,3,2,3
24,2,6,1,2,4,4,1,3,3,2,3
35,2,6,2,1,3,5,2,3,2,2,3
38,2,3,1,2,2,4,3,2,1,2,3
47,2,6,1,1,1,3,2,4,2,3,3
52,2,2,3,1,2,2,2,3,3,2,3
53,2,3,3,1,1,1,1,2,2,3,3
44,2,6,3,1,2,2,2,3,3,2,3
38,2,1,2,2,1,3,3,2,2,3,3
62,2,2,2,1,2,2,2,3,3,2,3
61,2,2,2,2,1,3,1,2,2,3,3
55,2,1,2,3,2,2,2,3,3,2,3
45,2,2,4,4,1,3,1,2,2,3,3
38,2,3,1,3,2,2,2,3,3,2,3
44,1,1,2,2,1,3,4,2,3,1,3
45,2,3,8,1,2,4,3,3,4,1,3
33,1,6,1,2,1,2,2,2,5,1,3
62,1,2,2,3,2,1,1,3,4,1,3
32,2,1,6,4,3,1,2,2,3,2,3
44,2,3,6,5,2,1,3,3,2,3,3
62,1,2,5,3,3,1,2,2,2,4,3
38,2,4,2,2,2,1,3,3,3,3,3
33,1,1,8,1,3,4,2,2,3,4,3
22,1,2,8,2,2,5,3,3,1,3,3
35,2,2,1,1,3,3,2,2,1,4,3
23,1,6,2,2,2,4,3,3,1,3,3
48,1,1,2,1,3,2,2,2,3,4,3
46,1,1,8,2,2,1,2,3,2,3,3
29,1,3,7,4,3,2,2,1,3,2,3
52,1,3,4,5,2,3,1,1,4,1,3
52,2,4,1,4,3,4,1,1,3,2,3
48,2,3,8,3,2,1,2,1,2,1,3
36,2,2,1,2,3,2,1,1,3,2,3
31,1,5,5,1,2,1,2,1,2,1,3
38,2,2,8,3,3,2,1,1,3,2,3
35,2,3,7,4,2,3,2,2,1,1,3
44,2,6,2,2,2,4,4,1,2,2,3
33,2,2,2,3,3,3,3,2,2,1,3
45,1,2,7,2,2,2,4,1,1,2,3
65,1,3,8,3,1,1,3,2,2,3,3
53,1,2,5,5,1,2,4,4,2,2,3
35,1,3,8,4,1,1,5,3,3,3,3
46,1,1,7,3,1,2,4,2,2,2,3
27,1,6,5,2,1,4,4,3,3,3,3
26,2,2,8,1,3,3,4,2,2,2,3
37,2,3,7,2,2,2,3,3,3,3,3
28,1,1,7,1,1,5,3,4,2,2,3
19,1,6,7,3,5,3,3,3,3,3,3
29,1,1,7,2,4,4,3,2,2,2,3
39,1,1,8,4,3,3,3,3,3,3,3
38,1,6,5,3,2,2,3,2,2,2,3
49,2,2,8,2,1,3,3,5,3,1,3
37,2,3,5,1,1,2,2,3,2,1,3
26,2,6,3,2,2,3,2,3,3,1,3
37,1,2,1,1,3,2,2,2,2,1,3
33,1,3,2,1,2,4,2,2,3,1,3
44,2,1,1,1,1,3,2,2,2,3,3
37,2,1,1,1,2,2,1,2,3,2,3
25,1,6,1,2,1,1,2,2,2,3,3
18,1,1,1,1,3,2,1,2,3,2,3
47,2,6,1,2,2,1,1,2,3,3,3
25,2,6,3,3,1,2,1,2,2,2,3
19,2,2,2,4,2,4,1,4,1,3,3
26,1,3,4,3,1,3,1,3,2,2,3
37,2,1,5,2,2,2,5,3,3,2,3
35,1,6,2,1,1,1,2,3,2,2,3
33,2,6,1,2,4,2,3,2,3,1,3
25,1,6,1,3,3,3,2,2,2,2,3
35,2,6,3,4,2,4,3,2,3,3,3
27,1,6,5,5,2,3,2,2,2,2,3
48,2,6,1,3,3,2,3,2,3,1,3
64,2,4,3,2,4,3,2,1,2,2,3
39,2,6,5,1,5,2,3,1,3,3,3
33,1,6,7,2,5,1,2,1,3,2,3
27,1,6,7,1,4,2,3,1,4,1,3
73,1,6,6,2,5,3,2,2,5,1,3
17,1,6,5,1,6,2,3,1,4,3,3
34,2,6,4,2,4,3,2,2,3,2,3
36,1,4,3,4,3,4,3,2,2,3,3
14,1,6,1,5,2,5,2,3,2,2,3
24,1,4,2,4,3,4,4,3,3,3,3
53,1,6,3,3,2,3,3,2,3,2,3
62,1,8,4,2,1,2,2,3,1,3,3
29,1,7,2,1,2,1,1,2,1,2,3
28,2,7,3,3,3,2,2,3,1,2,3
65,1,6,5,4,4,3,3,2,3,2,3
38,2,6,4,2,3,2,4,3,2,1,3
19,2,6,3,3,2,3,2,2,3,2,3
33,1,4,1,2,3,2,3,3,4,3,3
28,2,6,2,3,2,3,1,2,3,2,3
35,1,6,3,5,2,2,2,3,2,1,3
42,1,3,3,4,3,3,4,2,3,2,3
32,2,6,2,3,2,4,3,3,2,3,3
33,2,8,4,2,3,2,5,2,3,2,3
25,1,7,1,1,4,1,4,3,1,1,3
35,2,4,2,2,3,1,3,2,2,1,3
27,1,2,2,1,2,1,2,3,2,3,3
28,2,3,3,3,1,1,3,2,1,2,3
32,2,4,4,2,2,1,2,3,2,3,3
45,2,2,4,4,1,4,3,3,2,2,3
27,1,6,3,3,2,5,4,2,3,3,3
26,1,6,1,2,1,3,3,4,2,2,3
48,2,4,2,1,2,4,2,3,3,3,3
17,1,6,1,2,1,2,1,2,2,2,3
22,1,3,1,1,2,1,2,3,3,2,3
42,1,5,3,1,1,2,1,2,2,2,3
42,2,3,3,1,2,3,2,3,3,1,3
35,2,6,3,1,1,4,1,2,2,2,3
24,1,6,2,2,2,1,2,3,3,3,3
38,1,2,2,1,1,2,3,2,2,2,3
18,1,6,2,2,2,1,2,3,3,1,3
23,2,4,2,3,3,2,1,2,2,2,3
24,2,6,4,4,2,3,2,3,3,3,3
35,2,6,1,3,3,4,1,2,2,2,3
38,2,6,2,2,2,3,2,3,3,1,3
47,2,6,8,1,3,2,1,2,2,1,3
52,2,2,1,2,2,1,1,3,3,3,3
32,2,3,2,3,3,2,1,2,2,2,3
44,2,6,6,4,2,1,1,3,3,3,3
38,1,1,6,5,3,2,2,2,3,2,3
62,2,2,5,3,2,4,2,3,2,3,3
61,1,2,2,2,3,3,2,2,1,2,3
55,1,1,8,1,2,2,2,3,2,3,3
45,1,2,8,2,3,5,3,2,3,2,3
38,1,6,1,1,2,3,2,3,2,2,3
44,1,6,2,2,3,4,1,1,3,2,3
45,2,6,2,1,2,3,2,1,2,1,3
33,2,6,8,2,3,2,1,1,3,2,3
33,1,1,7,4,2,3,2,1,2,3,3
32,1,6,4,5,2,2,3,1,3,2,3
44,1,4,1,4,3,3,2,1,2,1,3
62,1,6,8,3,2,2,2,1,3,2,3
38,1,6,1,2,1,4,1,2,3,3,3
33,1,6,5,1,1,3,2,1,4,2,3
22,1,6,8,3,1,2,3,2,5,1,3
35,2,6,7,4,1,1,2,1,4,1,3
23,1,6,2,2,1,2,1,2,3,3,3
48,1,4,2,3,3,1,2,4,2,2,3
46,1,6,7,2,2,2,1,3,2,3,3
25,1,6,8,3,1,4,2,2,3,2,3
52,2,6,5,5,5,3,4,3,3,3,3
52,2,8,8,4,4,2,3,2,1,2,3
48,2,7,7,3,3,1,2,3,1,3,3
36,2,7,5,2,2,2,1,4,1,2,3
31,1,6,8,1,1,3,2,3,3,2,3
38,2,6,7,2,1,4,3,2,2,2,3
35,2,6,7,1,2,3,2,3,3,1,3
44,2,4,7,3,3,2,3,2,4,2,3
33,2,6,7,2,2,3,2,5,3,3,3
45,1,6,8,4,1,2,3,3,2,2,3
27,1,4,5,3,2,1,2,3,3,1,3
53,1,6,8,2,1,2,3,2,2,2,3
35,1,8,5,1,3,3,2,2,3,3,3
46,2,7,3,2,2,2,2,2,1,2,3
27,1,4,1,1,1,3,2,2,2,1,3
26,2,2,2,1,2,4,1,2,2,1,3
37,1,3,1,1,1,5,1,2,1,3,3
28,1,4,1,1,2,4,2,2,2,2,3
19,1,2,1,2,1,3,1,2,2,3,3
29,1,6,1,1,4,2,2,4,3,2,3
39,1,6,1,2,3,1,1,3,2,3,3
28,1,4,3,3,2,2,2,3,3,2,3
49,2,2,2,4,2,3,4,3,2,3,3
37,2,3,4,3,3,2,3,2,3,2,3
26,1,5,5,2,4,3,4,2,2,2,3
37,1,3,2,1,5,2,3,2,3,2,3
33,1,6,1,2,5,3,4,2,2,1,3
44,2,6,1,3,4,2,5,2,3,2,3
37,2,2,3,4,5,3,4,1,2,3,3
25,1,6,5,5,6,4,4,1,3,2,3
18,1,4,1,3,4,2,4,1,2,1,3
47,2,6,3,2,3,1,3,1,3,2,3
35,2,6,5,1,2,1,3,2,2,3,3
32,2,3,7,2,3,1,3,1,3,2,3
26,1,6,7,1,2,1,3,2,2,1,3
37,1,2,6,2,1,1,3,2,3,1,3
35,1,3,5,1,2,4,3,3,2,3,3
33,2,6,4,2,3,5,3,3,3,2,3
25,1,1,3,4,4,3,2,2,3,3,3
35,1,2,1,5,3,4,2,3,2,2,3
27,1,2,2,4,2,2,2,2,1,3,3
48,2,1,3,3,3,1,2,3,2,2,3
64,1,2,4,2,2,2,2,2,3,3,3
39,1,3,2,1,2,3,1,3,2,2,3
45,1,1,3,3,3,4,2,2,3,2,3
27,1,3,5,4,2,1,1,3,2,2,3
73,1,6,4,2,3,2,1,2,3,1,3
17,2,2,3,3,4,1,1,3,2,2,3
34,2,1,1,2,3,2,1,2,3,3,3
36,1,3,2,3,2,3,1,3,2,2,3
14,1,2,3,5,1,4,5,2,3,1,3
24,1,4,3,4,2,3,2,3,3,2,3
53,1,1,2,3,1,2,3,2,4,3,3
62,1,2,4,2,2,1,2,3,5,2,3
29,1,2,1,1,1,2,3,2,4,1,3
27,2,6,2,2,2,1,2,3,3,1,3
65,1,1,2,1,1,2,3,3,2,3,3
38,2,1,3,3,2,4,2,2,2,2,3
19,1,3,4,2,1,3,3,4,3,3,3
33,1,3,4,4,2,2,2,3,3,2,3
28,2,4,3,3,1,5,3,2,1,3,3
35,1,3,1,2,2,3,2,3,1,2,3
42,1,2,2,1,1,4,3,2,1,3,3
32,2,5,1,2,2,3,2,3,3,2,3
33,2,2,1,1,3,2,3,2,2,2,3
25,1,3,3,1,2,3,2,3,3,2,3
26,2,6,3,1,3,2,4,2,4,1,3
27,1,2,3,1,2,3,3,3,3,2,3
28,2,2,2,2,3,2,2,2,2,3,3
32,1,3,2,1,2,4,1,3,3,2,3
45,2,2,2,2,3,3,2,2,2,1,3
27,1,3,2,3,2,2,3,3,3,2,3
26,1,1,4,4,3,1,4,2,1,3,3
48,2,6,1,3,2,2,2,3,2,2,3
17,1,2,2,2,3,1,3,2,2,1,3
22,1,3,8,1,2,2,1,3,1,1,3
42,1,1,1,2,3,4,2,2,2,3,3
48,2,6,2,3,2,3,4,3,2,2,3
35,2,1,6,4,3,2,3,2,3,3,3
24,1,1,6,5,2,1,5,3,2,2,3
38,1,6,5,3,3,2,4,2,3,3,3
18,1,2,2,2,2,3,3,3,2,2,3
23,2,3,8,1,2,4,2,1,3,3,3
24,2,6,8,2,3,3,3,1,2,2,3
35,2,2,1,1,2,2,2,1,3,2,3
38,2,3,2,2,1,3,3,1,2,2,3
47,2,1,2,1,1,2,4,1,3,1,3
52,2,1,8,2,1,1,3,1,2,2,3
17,2,6,7,4,1,2,2,1,3,3,3
44,2,1,4,5,1,3,1,2,2,2,3
38,1,6,1,4,3,2,2,1,3,1,3
62,2,6,8,3,2,3,1,2,2,2,3
61,1,2,1,2,1,4,2,1,3,3,3
55,1,3,5,1,5,5,1,2,2,2,3
45,1,1,8,3,4,4,2,4,3,1,3
38,1,6,7,4,3,3,3,3,2,1,3
44,1,6,2,2,2,2,2,2,3,3,3
45,2,6,2,3,1,1,1,3,3,2,3
33,2,6,7,2,1,2,2,2,2,3,3
22,1,6,8,3,2,3,1,3,1,2,3
32,1,6,5,5,3,2,2,4,2,3,3
44,1,4,8,4,2,3,1,3,3,2,3
62,2,6,7,3,1,2,1,2,2,3,3
38,1,6,5,2,2,3,1,3,3,2,3
33,1,6,8,1,1,2,1,2,2,2,3
22,1,6,7,2,3,3,2,5,3,2,3
35,2,6,7,1,2,4,2,3,2,1,3
23,1,6,7,3,1,2,2,3,3,2,3
48,1,4,7,2,2,1,2,2,2,3,3
46,1,6,8,4,1,1,3,2,3,2,3
42,1,4,5,3,2,1,2,2,3,1,3
52,2,6,8,2,1,1,1,2,4,2,3
52,2,8,5,1,4,1,2,2,5,3,3
48,1,7,3,2,3,4,1,2,4,2,3
36,2,7,1,1,2,5,2,2,3,1,3
31,1,6,2,1,2,3,3,2,2,1,3
38,2,6,1,1,3,4,2,4,2,3,3
35,2,6,1,1,4,2,2,3,3,2,3
44,2,4,1,2,5,1,1,3,3,3,3
33,2,6,1,1,5,2,2,3,1,2,3
45,1,6,1,2,4,3,3,2,1,3,3
35,1,3,3,3,5,4,2,2,1,2,3
53,1,6,2,4,6,1,1,2,3,3,3
35,1,8,4,3,4,2,2,2,2,2,3
46,1,7,5,2,3,1,1,2,3,2,3
27,1,4,2,1,2,2,2,1,4,2,3
26,2,2,1,2,3,3,4,1,3,1,3
37,1,3,1,3,2,4,3,1,2,2,3
28,1,4,3,4,1,3,2,1,3,3,3
19,1,2,5,5,2,2,1,2,2,2,3
29,1,6,1,3,3,1,2,1,3,1,3
39,1,6,3,2,4,2,3,2,1,2,3
24,1,4,5,1,3,1,2,2,2,3,3
49,2,6,7,2,2,2,3,3,2,2,3
37,2,3,7,1,3,4,2,3,1,1,3
26,2,5,6,2,2,3,3,2,2,1,3
37,1,3,5,1,2,2,2,3,2,3,3
33,1,6,4,2,3,5,3,2,3,2,3
44,2,6,3,4,2,3,2,3,2,3,3
37,2,2,1,5,3,4,2,2,3,2,3
25,1,6,2,4,4,3,2,3,2,3,3
18,1,4,3,3,3,2,1,2,3,2,3
47,2,6,4,2,2,3,1,3,2,3,3
27,2,6,2,1,1,2,2,2,3,2,3
38,2,6,3,3,2,3,1,3,2,2,3
26,1,6,5,4,1,2,2,2,3,2,3
37,1,2,4,2,2,4,1,3,2,1,3
35,2,3,3,3,1,3,2,2,3,2,3
33,2,6,1,2,2,2,4,3,2,3,3
25,1,1,2,3,1,1,3,2,3,2,3
35,1,2,3,5,2,2,4,3,2,1,3
27,1,2,3,4,1,1,3,2,3,2,3
48,2,1,2,3,2,2,4,3,2,3,3
64,1,2,4,2,1,4,5,3,3,2,3
39,1,6,1,1,2,3,4,2,2,1,3
18,1,6,2,2,1,2,4,4,3,1,3
27,1,6,2,1,2,1,4,3,3,3,3
73,1,6,3,3,3,2,3,2,2,2,3
17,2,1,4,2,2,3,3,3,1,3,3
34,2,6,4,4,3,4,3,2,2,2,3
36,1,4,3,3,2,3,3,3,3,3,3
14,1,6,1,2,3,2,3,2,2,2,3
24,1,6,2,1,2,3,3,3,3,3,3
53,1,6,1,2,3,2,3,2,2,2,3
62,1,6,1,1,2,1,2,3,3,2,3
29,1,6,3,1,3,2,2,2,2,2,3
23,2,6,3,1,2,3,2,3,3,1,3
65,1,4,3,1,3,2,2,2,2,2,3
38,2,6,2,2,2,3,2,3,3,3,3
19,2,6,2,1,3,4,1,2,3,2,3
33,1,6,2,2,2,5,2,3,4,1,3
28,2,8,2,3,3,4,1,2,5,2,3
35,1,7,4,4,2,3,1,3,4,3,3
42,1,7,1,3,3,2,1,2,3,2,3
32,2,6,2,2,2,1,1,3,2,1,3
33,2,6,8,1,2,2,1,2,2,1,3
25,1,6,1,2,3,3,5,3,3,3,3
24,2,4,2,3,2,2,2,2,3,2,3
27,1,6,6,4,1,3,3,3,1,3,3
28,2,6,6,5,1,2,2,1,1,2,3
32,2,4,5,3,1,3,3,1,1,3,3
45,2,6,2,2,1,2,2,1,3,2,3
27,1,8,8,1,1,3,3,1,2,3,3
26,1,7,8,2,3,4,2,1,3,2,3
48,1,4,1,1,2,2,3,1,4,2,3
17,1,2,2,2,1,1,2,1,3,2,3
22,1,3,2,1,5,1,3,2,2,1,3
42,1,4,8,2,4,1,2,1,3,2,3
35,2,2,7,4,3,1,3,2,2,3,3
35,2,6,4,5,2,1,2,1,3,2,3
24,1,6,1,4,1,4,3,2,1,1,3
25,2,4,8,3,1,5,2,4,2,2,3
38,1,2,1,2,2,3,4,3,2,3,3
43,2,3,5,1,3,4,3,2,1,2,3
44,2,5,8,3,2,2,2,3,2,1,3
55,2,3,7,4,1,1,1,2,2,1,3
38,2,6,2,2,2,2,2,3,3,3,3
47,2,6,2,3,1,3,3,4,2,2,3
52,2,2,7,2,3,4,4,3,3,3,3
38,2,6,8,3,2,1,2,2,2,2,3
44,2,4,5,5,1,2,3,3,3,3,3
38,1,6,8,4,2,1,1,2,2,2,3
62,2,6,7,3,1,2,2,5,3,3,3
61,1,3,5,2,2,3,4,3,2,2,3
55,1,6,8,1,1,4,3,3,3,2,3
45,1,2,7,2,4,3,5,2,2,2,3
38,1,3,7,1,3,2,4,2,3,1,3
44,1,6,7,3,2,1,3,2,2,2,3
45,2,1,7,2,2,2,2,2,3,3,3
33,2,2,8,4,3,1,3,2,2,2,3
47,1,2,5,3,4,2,2,2,3,1,3
32,1,1,8,2,5,4,3,2,2,2,3
44,1,2,5,1,5,3,4,2,3,3,3
62,2,3,3,2,4,2,3,4,2,2,3
48,2,1,1,1,5,5,2,3,3,1,3
33,1,3,2,1,6,3,1,3,3,1,3
32,1,6,1,1,4,4,2,3,2,3,3
35,2,2,1,1,3,3,1,2,1,2,3
23,1,1,1,2,2,2,2,2,2,3,3
48,1,3,1,1,3,3,1,2,3,2,3
46,1,2,1,2,2,2,2,2,2,3,3
52,1,4,3,3,1,3,3,2,3,2,3
52,2,1,2,4,2,2,2,1,2,3,3
52,2,2,4,3,3,4,1,1,3,2,3
48,1,2,5,2,4,3,2,1,2,2,3
46,2,6,2,1,3,2,1,1,3,2,3
51,1,1,1,2,2,1,2,2,2,1,3
38,2,1,1,3,3,2,1,1,3,2,3
45,2,3,3,4,2,1,1,2,3,3,3
54,2,3,5,5,2,2,1,2,4,2,3
33,1,4,1,3,3,4,1,3,5,1,3
45,1,3,3,2,2,3,2,3,4,2,3
44,1,2,5,1,3,2,2,2,3,3,3
63,1,5,7,2,4,1,2,3,2,2,3
45,1,2,7,1,3,2,2,2,2,1,3
46,1,3,6,2,2,3,3,3,3,1,3
37,1,6,5,1,1,4,2,2,3,3,3
36,1,2,4,2,2,3,1,3,1,2,3
37,1,2,3,4,1,2,2,2,1,3,3
28,1,3,1,5,2,3,1,3,1,2,3
19,1,2,2,4,1,2,2,2,3,3,3
39,1,3,3,3,2,1,3,3,2,2,3
39,1,1,4,2,1,2,2,2,3,3,3
38,1,6,2,1,2,3,2,3,4,2,3
49,1,2,3,3,1,2,1,2,3,2,3
37,1,3,5,4,2,3,2,3,2,2,3
36,1,1,4,2,1,4,3,2,3,1,3
37,1,6,3,3,2,5,2,3,2,2,3
33,1,1,1,2,1,4,1,2,3,3,3
44,1,1,2,3,2,3,2,3,1,2,3
37,1,6,3,5,3,2,1,3,2,1,3
25,1,2,3,4,2,1,2,2,2,2,3
28,1,3,2,3,3,2,4,4,1,3,3
47,1,6,4,2,2,3,3,3,2,2,3
48,1,2,1,1,3,2,2,2,2,2,3
62,1,3,2,2,2,3,1,3,3,1,3
26,1,1,2,1,3,2,2,2,2,1,3
37,1,1,3,3,2,3,3,3,3,2,3
35,1,6,4,2,3,2,2,2,2,2,3
33,2,1,4,4,2,3,3,3,3,1,3
25,1,6,3,3,3,4,2,2,2,2,3
35,1,6,1,2,2,2,3,3,3,1,3
27,1,2,2,1,3,1,2,2,2,2,3
48,2,3,1,2,2,1,3,3,3,1,3
64,2,1,1,1,3,1,2,2,2,3,3
39,2,6,3,1,2,1,2,3,3,2,3
61,2,6,3,1,3,1,2,2,2,4,3
27,1,6,3,1,2,4,1,3,3,3,3
73,1,6,2,2,2,5,1,2,2,2,3
17,1,6,2,1,3,3,2,3,3,1,3
34,2,6,2,2,2,4,1,2,2,2,3
36,1,4,2,3,1,2,2,3,3,1,3
24,1,6,4,4,1,1,1,2,2,1,3
24,1,6,1,3,1,2,2,3,3,2,3
53,1,6,2,2,1,3,4,2,3,1,3
62,1,6,8,1,1,4,3,3,2,2,3
29,1,6,1,2,3,2,4,1,1,3,3
55,1,6,2,3,2,1,3,1,2,2,3
